(kicad_pcb (version 20171130) (host pcbnew "(5.0.1)-4")

  (general
    (thickness 1.6)
    (drawings 21)
    (tracks 99)
    (zones 0)
    (modules 30)
    (nets 38)
  )

  (page A4)
  (layers
    (0 F.Cu signal)
    (31 B.Cu signal)
    (32 B.Adhes user)
    (33 F.Adhes user)
    (34 B.Paste user)
    (35 F.Paste user)
    (36 B.SilkS user)
    (37 F.SilkS user)
    (38 B.Mask user)
    (39 F.Mask user)
    (40 Dwgs.User user)
    (41 Cmts.User user)
    (42 Eco1.User user)
    (43 Eco2.User user)
    (44 Edge.Cuts user)
    (45 Margin user)
    (46 B.CrtYd user)
    (47 F.CrtYd user)
    (48 B.Fab user)
    (49 F.Fab user hide)
  )

  (setup
    (last_trace_width 0.381)
    (trace_clearance 0.2)
    (zone_clearance 0.508)
    (zone_45_only no)
    (trace_min 0.2)
    (segment_width 0.2)
    (edge_width 0.15)
    (via_size 0.889)
    (via_drill 0.508)
    (via_min_size 0.4)
    (via_min_drill 0.3)
    (uvia_size 0.3)
    (uvia_drill 0.1)
    (uvias_allowed no)
    (uvia_min_size 0.2)
    (uvia_min_drill 0.1)
    (pcb_text_width 0.3)
    (pcb_text_size 1.5 1.5)
    (mod_edge_width 0.15)
    (mod_text_size 1 1)
    (mod_text_width 0.15)
    (pad_size 3.2 3.2)
    (pad_drill 3.2)
    (pad_to_mask_clearance 0.051)
    (solder_mask_min_width 0.25)
    (aux_axis_origin 0 0)
    (visible_elements FFFFFF7F)
    (pcbplotparams
      (layerselection 0x010fc_ffffffff)
      (usegerberextensions false)
      (usegerberattributes false)
      (usegerberadvancedattributes false)
      (creategerberjobfile false)
      (excludeedgelayer true)
      (linewidth 0.100000)
      (plotframeref false)
      (viasonmask false)
      (mode 1)
      (useauxorigin false)
      (hpglpennumber 1)
      (hpglpenspeed 20)
      (hpglpendiameter 15.000000)
      (psnegative false)
      (psa4output false)
      (plotreference true)
      (plotvalue true)
      (plotinvisibletext false)
      (padsonsilk false)
      (subtractmaskfromsilk false)
      (outputformat 4)
      (mirror false)
      (drillshape 0)
      (scaleselection 1)
      (outputdirectory "pdf/"))
  )

  (net 0 "")
  (net 1 +5V)
  (net 2 "Net-(A1-Pad27)")
  (net 3 +3V3)
  (net 4 GND)
  (net 5 "Net-(A1-Pad24)")
  (net 6 "Net-(A1-Pad23)")
  (net 7 "Net-(A1-Pad22)")
  (net 8 "Net-(A1-Pad21)")
  (net 9 "Net-(A1-Pad20)")
  (net 10 "Net-(A1-Pad19)")
  (net 11 "Net-(A1-Pad18)")
  (net 12 "Net-(A1-Pad17)")
  (net 13 "Net-(A1-Pad14)")
  (net 14 "Net-(A1-Pad13)")
  (net 15 "Net-(A1-Pad12)")
  (net 16 "Net-(A1-Pad11)")
  (net 17 "Net-(A1-Pad10)")
  (net 18 "Net-(A1-Pad9)")
  (net 19 "Net-(A1-Pad8)")
  (net 20 "Net-(A1-Pad7)")
  (net 21 "Net-(A1-Pad6)")
  (net 22 "Net-(A1-Pad5)")
  (net 23 /Battery_Volts)
  (net 24 /Mains_Sensor)
  (net 25 "Net-(A1-Pad2)")
  (net 26 "Net-(A1-Pad1)")
  (net 27 "Net-(C1-Pad1)")
  (net 28 "Net-(C7-Pad1)")
  (net 29 "Net-(C9-Pad1)")
  (net 30 "Net-(D1-Pad2)")
  (net 31 "Net-(F1-Pad2)")
  (net 32 "Net-(F2-Pad1)")
  (net 33 /Radio_VOX)
  (net 34 "Net-(J1-Pad9)")
  (net 35 "Net-(J1-Pad8)")
  (net 36 "Net-(J1-Pad7)")
  (net 37 "Net-(J2-Pad2)")

  (net_class Default "This is the default net class."
    (clearance 0.2)
    (trace_width 0.381)
    (via_dia 0.889)
    (via_drill 0.508)
    (uvia_dia 0.3)
    (uvia_drill 0.1)
    (add_net /Battery_Volts)
    (add_net /Mains_Sensor)
    (add_net /Radio_VOX)
    (add_net "Net-(A1-Pad1)")
    (add_net "Net-(A1-Pad10)")
    (add_net "Net-(A1-Pad11)")
    (add_net "Net-(A1-Pad12)")
    (add_net "Net-(A1-Pad13)")
    (add_net "Net-(A1-Pad14)")
    (add_net "Net-(A1-Pad17)")
    (add_net "Net-(A1-Pad18)")
    (add_net "Net-(A1-Pad19)")
    (add_net "Net-(A1-Pad2)")
    (add_net "Net-(A1-Pad20)")
    (add_net "Net-(A1-Pad21)")
    (add_net "Net-(A1-Pad22)")
    (add_net "Net-(A1-Pad23)")
    (add_net "Net-(A1-Pad24)")
    (add_net "Net-(A1-Pad27)")
    (add_net "Net-(A1-Pad5)")
    (add_net "Net-(A1-Pad6)")
    (add_net "Net-(A1-Pad7)")
    (add_net "Net-(A1-Pad8)")
    (add_net "Net-(A1-Pad9)")
    (add_net "Net-(C1-Pad1)")
    (add_net "Net-(C7-Pad1)")
    (add_net "Net-(C9-Pad1)")
    (add_net "Net-(D1-Pad2)")
    (add_net "Net-(F1-Pad2)")
    (add_net "Net-(F2-Pad1)")
    (add_net "Net-(J1-Pad7)")
    (add_net "Net-(J1-Pad8)")
    (add_net "Net-(J1-Pad9)")
    (add_net "Net-(J2-Pad2)")
  )

  (net_class Power ""
    (clearance 0.2)
    (trace_width 0.635)
    (via_dia 1.27)
    (via_drill 0.635)
    (uvia_dia 0.3)
    (uvia_drill 0.1)
    (add_net +3V3)
    (add_net +5V)
    (add_net GND)
  )

  (module MountingHole:MountingHole_3.2mm_M3 (layer F.Cu) (tedit 5F4A6740) (tstamp 5F87E5CE)
    (at 165 115)
    (descr "Mounting Hole 3.2mm, no annular, M3")
    (tags "mounting hole 3.2mm no annular m3")
    (attr virtual)
    (fp_text reference REF** (at 0 -4.2) (layer F.SilkS) hide
      (effects (font (size 1 1) (thickness 0.15)))
    )
    (fp_text value MountingHole_3.2mm_M3 (at 0 4.2) (layer F.Fab)
      (effects (font (size 1 1) (thickness 0.15)))
    )
    (fp_text user %R (at 0.3 0) (layer F.Fab)
      (effects (font (size 1 1) (thickness 0.15)))
    )
    (fp_circle (center 0 0) (end 3.2 0) (layer Cmts.User) (width 0.15))
    (fp_circle (center 0 0) (end 3.45 0) (layer F.CrtYd) (width 0.05))
    (pad "" np_thru_hole circle (at 0 0) (size 3.2 3.2) (drill 3.2) (layers *.Cu *.Mask)
      (clearance 2))
  )

  (module MountingHole:MountingHole_3.2mm_M3 (layer F.Cu) (tedit 5F4A6743) (tstamp 5F87E4A2)
    (at 105 115)
    (descr "Mounting Hole 3.2mm, no annular, M3")
    (tags "mounting hole 3.2mm no annular m3")
    (attr virtual)
    (fp_text reference REF** (at 0 -4.2) (layer F.SilkS) hide
      (effects (font (size 1 1) (thickness 0.15)))
    )
    (fp_text value MountingHole_3.2mm_M3 (at 0 4.2) (layer F.Fab)
      (effects (font (size 1 1) (thickness 0.15)))
    )
    (fp_circle (center 0 0) (end 3.45 0) (layer F.CrtYd) (width 0.05))
    (fp_circle (center 0 0) (end 3.2 0) (layer Cmts.User) (width 0.15))
    (fp_text user %R (at 0.3 0) (layer F.Fab)
      (effects (font (size 1 1) (thickness 0.15)))
    )
    (pad "" np_thru_hole circle (at 0 0) (size 3.2 3.2) (drill 3.2) (layers *.Cu *.Mask)
      (clearance 2))
  )

  (module MountingHole:MountingHole_3.2mm_M3 (layer F.Cu) (tedit 5F4A674B) (tstamp 5F87E378)
    (at 165 55)
    (descr "Mounting Hole 3.2mm, no annular, M3")
    (tags "mounting hole 3.2mm no annular m3")
    (attr virtual)
    (fp_text reference REF** (at 0 -4.2) (layer F.SilkS) hide
      (effects (font (size 1 1) (thickness 0.15)))
    )
    (fp_text value MountingHole_3.2mm_M3 (at 0 4.2) (layer F.Fab)
      (effects (font (size 1 1) (thickness 0.15)))
    )
    (fp_text user %R (at 0.3 0) (layer F.Fab)
      (effects (font (size 1 1) (thickness 0.15)))
    )
    (fp_circle (center 0 0) (end 3.2 0) (layer Cmts.User) (width 0.15))
    (fp_circle (center 0 0) (end 3.45 0) (layer F.CrtYd) (width 0.05))
    (pad "" np_thru_hole circle (at 0 0) (size 3.2 3.2) (drill 3.2) (layers *.Cu *.Mask)
      (clearance 2))
  )

  (module remote-monitor:Screw_Terminal_1x10 (layer F.Cu) (tedit 5F4A5FF9) (tstamp 5F87E73A)
    (at 135 50.5)
    (path /5F4ED058)
    (fp_text reference J1 (at -26.5 -4 180) (layer F.SilkS)
      (effects (font (size 1 1) (thickness 0.15)))
    )
    (fp_text value Screw_Terminal_01x10 (at 0 -6) (layer F.Fab)
      (effects (font (size 1 1) (thickness 0.15)))
    )
    (fp_line (start 25 -5) (end 25 5) (layer F.SilkS) (width 0.15))
    (fp_line (start 20 -5) (end 20 5) (layer F.SilkS) (width 0.15))
    (fp_line (start 15 -5) (end 15 5) (layer F.SilkS) (width 0.15))
    (fp_line (start 10 -5) (end 10 5) (layer F.SilkS) (width 0.15))
    (fp_line (start -20 -5) (end -20 5) (layer F.SilkS) (width 0.15))
    (fp_line (start -15 -5) (end -15 5) (layer F.SilkS) (width 0.15))
    (fp_line (start -10 -5) (end -10 5) (layer F.SilkS) (width 0.15))
    (fp_line (start -5 -5) (end -5 5) (layer F.SilkS) (width 0.15))
    (fp_line (start 0 -5) (end 0 5) (layer F.SilkS) (width 0.15))
    (fp_line (start 5 -5) (end 5 5) (layer F.SilkS) (width 0.15))
    (fp_line (start -25 -5) (end 25 -5) (layer F.Fab) (width 0.15))
    (fp_line (start 25 5) (end -25 5) (layer F.Fab) (width 0.15))
    (fp_line (start -25 5) (end -25 -5) (layer F.Fab) (width 0.15))
    (fp_line (start -25 -5) (end -25 5) (layer F.SilkS) (width 0.15))
    (fp_line (start -25 5) (end 25 5) (layer F.SilkS) (width 0.15))
    (fp_line (start 25 -5) (end -25 -5) (layer F.SilkS) (width 0.15))
    (pad 1 thru_hole rect (at -22.5 0) (size 2.032 2.794) (drill 1.0922) (layers *.Cu *.Mask)
      (net 31 "Net-(F1-Pad2)"))
    (pad 2 thru_hole oval (at -17.5 0) (size 2.032 2.794) (drill 1.0922) (layers *.Cu *.Mask)
      (net 31 "Net-(F1-Pad2)"))
    (pad 3 thru_hole oval (at -12.5 0) (size 2.032 2.794) (drill 1.0922) (layers *.Cu *.Mask)
      (net 31 "Net-(F1-Pad2)"))
    (pad 4 thru_hole oval (at -7.5 0) (size 2.032 2.794) (drill 1.0922) (layers *.Cu *.Mask)
      (net 4 GND))
    (pad 5 thru_hole oval (at -2.5 0) (size 2.032 2.794) (drill 1.0922) (layers *.Cu *.Mask)
      (net 4 GND))
    (pad 6 thru_hole oval (at 2.5 0) (size 2.032 2.794) (drill 1.0922) (layers *.Cu *.Mask)
      (net 4 GND))
    (pad 7 thru_hole oval (at 7.5 0) (size 2.032 2.794) (drill 1.0922) (layers *.Cu *.Mask)
      (net 36 "Net-(J1-Pad7)"))
    (pad 8 thru_hole oval (at 12.5 0) (size 2.032 2.794) (drill 1.0922) (layers *.Cu *.Mask)
      (net 35 "Net-(J1-Pad8)"))
    (pad 9 thru_hole oval (at 17.5 0) (size 2.032 2.794) (drill 1.0922) (layers *.Cu *.Mask)
      (net 34 "Net-(J1-Pad9)"))
    (pad 10 thru_hole oval (at 22.5 0) (size 2.032 2.794) (drill 1.0922) (layers *.Cu *.Mask)
      (net 33 /Radio_VOX))
  )

  (module remote-monitor:Arduino_MKR_1010 (layer F.Cu) (tedit 5F451C39) (tstamp 5F7B7141)
    (at 161 91 180)
    (descr "Arduino MKR Microcontroller Series")
    (tags "Arduino MKR Microcontroller Board Module")
    (path /5F491A2D)
    (fp_text reference A1 (at 14 -31 180) (layer F.SilkS)
      (effects (font (size 1 1) (thickness 0.15)))
    )
    (fp_text value Arduino_MKR_WiFi_1010 (at -0.12 30.48 180) (layer F.Fab)
      (effects (font (size 1 1) (thickness 0.15)))
    )
    (fp_line (start 10.250047 29.206945) (end -10.250913 29.206945) (layer F.SilkS) (width 0.12))
    (fp_line (start 12.498777 -30.044665) (end 12.498777 27.107063) (layer F.SilkS) (width 0.12))
    (fp_circle (center 10.248524 26.956945) (end 10.248524 28.163482) (layer F.Fab) (width 0.1))
    (fp_arc (start 10.323806 27.031927) (end 10.250047 29.206945) (angle -89.96371555) (layer F.SilkS) (width 0.12))
    (fp_arc (start 10.248709 -30.044851) (end 12.498777 -30.044665) (angle -90.00945408) (layer F.SilkS) (width 0.12))
    (fp_circle (center -10.251929 -30.044665) (end -10.251929 -28.838129) (layer F.Fab) (width 0.1))
    (fp_circle (center 10.248524 -30.044665) (end 10.248524 -28.838129) (layer F.Fab) (width 0.1))
    (fp_arc (start -10.250919 -30.045434) (end -10.250913 -32.295936) (angle -90.00032922) (layer F.SilkS) (width 0.12))
    (fp_circle (center -10.251929 26.956945) (end -10.251929 28.163482) (layer F.Fab) (width 0.1))
    (fp_line (start -10.250913 -32.295936) (end 10.248524 -32.294919) (layer F.SilkS) (width 0.12))
    (fp_arc (start -10.327573 27.033221) (end -12.501421 27.106301) (angle -90.09437285) (layer F.SilkS) (width 0.12))
    (fp_line (start -12.501421 27.106301) (end -12.501421 -30.045427) (layer F.SilkS) (width 0.12))
    (fp_line (start -4.459874 -27.557583) (end 4.540126 -27.557583) (layer F.Fab) (width 0.1))
    (fp_line (start -4.459874 -33.557582) (end -4.459874 -27.557583) (layer F.Fab) (width 0.1))
    (fp_line (start 4.540126 -27.557583) (end 4.540126 -33.557582) (layer F.Fab) (width 0.1))
    (fp_line (start 4.540126 -33.557582) (end -4.459874 -33.557582) (layer F.Fab) (width 0.1))
    (fp_line (start 12.75 -32.55) (end 12.75 29.46) (layer F.CrtYd) (width 0.05))
    (fp_line (start 12.75 29.46) (end -12.75 29.46) (layer F.CrtYd) (width 0.05))
    (fp_line (start -12.75 29.46) (end -12.75 -32.55) (layer F.CrtYd) (width 0.05))
    (fp_line (start -12.75 -32.55) (end -4.71 -32.55) (layer F.CrtYd) (width 0.05))
    (fp_line (start -4.71 -32.55) (end -4.71 -33.81) (layer F.CrtYd) (width 0.05))
    (fp_line (start -4.71 -33.81) (end 4.79 -33.81) (layer F.CrtYd) (width 0.05))
    (fp_line (start 4.79 -33.81) (end 4.79 -32.55) (layer F.CrtYd) (width 0.05))
    (fp_line (start 4.79 -32.55) (end 12.75 -32.55) (layer F.CrtYd) (width 0.05))
    (pad 28 thru_hole circle (at 10.16 -10.16 180) (size 1.6 1.6) (drill 0.8) (layers *.Cu *.Mask)
      (net 1 +5V))
    (pad 27 thru_hole circle (at 10.16 -7.62 90) (size 1.6 1.6) (drill 0.8) (layers *.Cu *.Mask)
      (net 2 "Net-(A1-Pad27)"))
    (pad 26 thru_hole circle (at 10.16 -5.08 90) (size 1.6 1.6) (drill 0.8) (layers *.Cu *.Mask)
      (net 3 +3V3))
    (pad 25 thru_hole circle (at 10.16 -2.54 90) (size 1.6 1.6) (drill 0.8) (layers *.Cu *.Mask)
      (net 4 GND))
    (pad 24 thru_hole circle (at 10.16 0 90) (size 1.6 1.6) (drill 0.8) (layers *.Cu *.Mask)
      (net 5 "Net-(A1-Pad24)"))
    (pad 23 thru_hole circle (at 10.16 2.54 90) (size 1.6 1.6) (drill 0.8) (layers *.Cu *.Mask)
      (net 6 "Net-(A1-Pad23)"))
    (pad 22 thru_hole circle (at 10.16 5.08 90) (size 1.6 1.6) (drill 0.8) (layers *.Cu *.Mask)
      (net 7 "Net-(A1-Pad22)"))
    (pad 21 thru_hole circle (at 10.16 7.62 90) (size 1.6 1.6) (drill 0.8) (layers *.Cu *.Mask)
      (net 8 "Net-(A1-Pad21)"))
    (pad 20 thru_hole circle (at 10.16 10.16 90) (size 1.6 1.6) (drill 0.8) (layers *.Cu *.Mask)
      (net 9 "Net-(A1-Pad20)"))
    (pad 19 thru_hole circle (at 10.16 12.7 90) (size 1.6 1.6) (drill 0.8) (layers *.Cu *.Mask)
      (net 10 "Net-(A1-Pad19)"))
    (pad 18 thru_hole circle (at 10.16 15.24 90) (size 1.6 1.6) (drill 0.8) (layers *.Cu *.Mask)
      (net 11 "Net-(A1-Pad18)"))
    (pad 17 thru_hole circle (at 10.16 17.78 90) (size 1.6 1.6) (drill 0.8) (layers *.Cu *.Mask)
      (net 12 "Net-(A1-Pad17)"))
    (pad 16 thru_hole circle (at 10.16 20.32 90) (size 1.6 1.6) (drill 0.8) (layers *.Cu *.Mask)
      (net 24 /Mains_Sensor))
    (pad 15 thru_hole circle (at 10.16 22.86 90) (size 1.6 1.6) (drill 0.8) (layers *.Cu *.Mask)
      (net 24 /Mains_Sensor))
    (pad 14 thru_hole circle (at -10.16 22.86 90) (size 1.6 1.6) (drill 0.8) (layers *.Cu *.Mask)
      (net 13 "Net-(A1-Pad14)"))
    (pad 13 thru_hole circle (at -10.16 20.32 90) (size 1.6 1.6) (drill 0.8) (layers *.Cu *.Mask)
      (net 14 "Net-(A1-Pad13)"))
    (pad 12 thru_hole circle (at -10.16 17.78 90) (size 1.6 1.6) (drill 0.8) (layers *.Cu *.Mask)
      (net 15 "Net-(A1-Pad12)"))
    (pad 11 thru_hole circle (at -10.16 15.24 90) (size 1.6 1.6) (drill 0.8) (layers *.Cu *.Mask)
      (net 16 "Net-(A1-Pad11)"))
    (pad 10 thru_hole circle (at -10.16 12.7 90) (size 1.6 1.6) (drill 0.8) (layers *.Cu *.Mask)
      (net 17 "Net-(A1-Pad10)"))
    (pad 9 thru_hole circle (at -10.16 10.16 90) (size 1.6 1.6) (drill 0.8) (layers *.Cu *.Mask)
      (net 18 "Net-(A1-Pad9)"))
    (pad 8 thru_hole circle (at -10.16 7.62 90) (size 1.6 1.6) (drill 0.8) (layers *.Cu *.Mask)
      (net 19 "Net-(A1-Pad8)"))
    (pad 7 thru_hole circle (at -10.16 5.08 90) (size 1.6 1.6) (drill 0.8) (layers *.Cu *.Mask)
      (net 20 "Net-(A1-Pad7)"))
    (pad 6 thru_hole circle (at -10.16 2.54 90) (size 1.6 1.6) (drill 0.8) (layers *.Cu *.Mask)
      (net 21 "Net-(A1-Pad6)"))
    (pad 5 thru_hole circle (at -10.16 0 90) (size 1.6 1.6) (drill 0.8) (layers *.Cu *.Mask)
      (net 22 "Net-(A1-Pad5)"))
    (pad 4 thru_hole circle (at -10.16 -2.54 90) (size 1.6 1.6) (drill 0.8) (layers *.Cu *.Mask)
      (net 23 /Battery_Volts))
    (pad 3 thru_hole circle (at -10.16 -5.08 90) (size 1.6 1.6) (drill 0.8) (layers *.Cu *.Mask)
      (net 24 /Mains_Sensor))
    (pad 2 thru_hole circle (at -10.16 -7.62 90) (size 1.6 1.6) (drill 0.8) (layers *.Cu *.Mask)
      (net 25 "Net-(A1-Pad2)"))
    (pad 1 thru_hole rect (at -10.16 -10.16 90) (size 1.6 1.6) (drill 0.8) (layers *.Cu *.Mask)
      (net 26 "Net-(A1-Pad1)"))
  )

  (module Capacitor_SMD:CP_Elec_5x4.5 (layer F.Cu) (tedit 5A841F9D) (tstamp 5F7B7169)
    (at 110 82)
    (descr "SMT capacitor, aluminium electrolytic, 5x4.5, Nichicon ")
    (tags "Capacitor Electrolytic")
    (path /5F48C5AC)
    (attr smd)
    (fp_text reference C1 (at 4 2) (layer F.SilkS)
      (effects (font (size 1 1) (thickness 0.15)))
    )
    (fp_text value 10uF (at 0 3.7) (layer F.Fab)
      (effects (font (size 1 1) (thickness 0.15)))
    )
    (fp_circle (center 0 0) (end 2.5 0) (layer F.Fab) (width 0.1))
    (fp_line (start 2.65 -2.65) (end 2.65 2.65) (layer F.Fab) (width 0.1))
    (fp_line (start -1.65 -2.65) (end 2.65 -2.65) (layer F.Fab) (width 0.1))
    (fp_line (start -1.65 2.65) (end 2.65 2.65) (layer F.Fab) (width 0.1))
    (fp_line (start -2.65 -1.65) (end -2.65 1.65) (layer F.Fab) (width 0.1))
    (fp_line (start -2.65 -1.65) (end -1.65 -2.65) (layer F.Fab) (width 0.1))
    (fp_line (start -2.65 1.65) (end -1.65 2.65) (layer F.Fab) (width 0.1))
    (fp_line (start -2.033956 -1.2) (end -1.533956 -1.2) (layer F.Fab) (width 0.1))
    (fp_line (start -1.783956 -1.45) (end -1.783956 -0.95) (layer F.Fab) (width 0.1))
    (fp_line (start 2.76 2.76) (end 2.76 1.06) (layer F.SilkS) (width 0.12))
    (fp_line (start 2.76 -2.76) (end 2.76 -1.06) (layer F.SilkS) (width 0.12))
    (fp_line (start -1.695563 -2.76) (end 2.76 -2.76) (layer F.SilkS) (width 0.12))
    (fp_line (start -1.695563 2.76) (end 2.76 2.76) (layer F.SilkS) (width 0.12))
    (fp_line (start -2.76 1.695563) (end -2.76 1.06) (layer F.SilkS) (width 0.12))
    (fp_line (start -2.76 -1.695563) (end -2.76 -1.06) (layer F.SilkS) (width 0.12))
    (fp_line (start -2.76 -1.695563) (end -1.695563 -2.76) (layer F.SilkS) (width 0.12))
    (fp_line (start -2.76 1.695563) (end -1.695563 2.76) (layer F.SilkS) (width 0.12))
    (fp_line (start -3.625 -1.685) (end -3 -1.685) (layer F.SilkS) (width 0.12))
    (fp_line (start -3.3125 -1.9975) (end -3.3125 -1.3725) (layer F.SilkS) (width 0.12))
    (fp_line (start 2.9 -2.9) (end 2.9 -1.05) (layer F.CrtYd) (width 0.05))
    (fp_line (start 2.9 -1.05) (end 3.95 -1.05) (layer F.CrtYd) (width 0.05))
    (fp_line (start 3.95 -1.05) (end 3.95 1.05) (layer F.CrtYd) (width 0.05))
    (fp_line (start 3.95 1.05) (end 2.9 1.05) (layer F.CrtYd) (width 0.05))
    (fp_line (start 2.9 1.05) (end 2.9 2.9) (layer F.CrtYd) (width 0.05))
    (fp_line (start -1.75 2.9) (end 2.9 2.9) (layer F.CrtYd) (width 0.05))
    (fp_line (start -1.75 -2.9) (end 2.9 -2.9) (layer F.CrtYd) (width 0.05))
    (fp_line (start -2.9 1.75) (end -1.75 2.9) (layer F.CrtYd) (width 0.05))
    (fp_line (start -2.9 -1.75) (end -1.75 -2.9) (layer F.CrtYd) (width 0.05))
    (fp_line (start -2.9 -1.75) (end -2.9 -1.05) (layer F.CrtYd) (width 0.05))
    (fp_line (start -2.9 1.05) (end -2.9 1.75) (layer F.CrtYd) (width 0.05))
    (fp_line (start -2.9 -1.05) (end -3.95 -1.05) (layer F.CrtYd) (width 0.05))
    (fp_line (start -3.95 -1.05) (end -3.95 1.05) (layer F.CrtYd) (width 0.05))
    (fp_line (start -3.95 1.05) (end -2.9 1.05) (layer F.CrtYd) (width 0.05))
    (fp_text user %R (at 0 0) (layer F.Fab)
      (effects (font (size 1 1) (thickness 0.15)))
    )
    (pad 1 smd rect (at -2.2 0) (size 3 1.6) (layers F.Cu F.Paste F.Mask)
      (net 27 "Net-(C1-Pad1)"))
    (pad 2 smd rect (at 2.2 0) (size 3 1.6) (layers F.Cu F.Paste F.Mask)
      (net 4 GND))
    (model ${KISYS3DMOD}/Capacitor_SMD.3dshapes/CP_Elec_5x4.5.wrl
      (at (xyz 0 0 0))
      (scale (xyz 1 1 1))
      (rotate (xyz 0 0 0))
    )
  )

  (module Capacitor_SMD:C_1206_3216Metric (layer F.Cu) (tedit 5B301BBE) (tstamp 5F7B717A)
    (at 144.5 106.6 270)
    (descr "Capacitor SMD 1206 (3216 Metric), square (rectangular) end terminal, IPC_7351 nominal, (Body size source: http://www.tortai-tech.com/upload/download/2011102023233369053.pdf), generated with kicad-footprint-generator")
    (tags capacitor)
    (path /5F48DF65)
    (attr smd)
    (fp_text reference C2 (at 3.4 0) (layer F.SilkS)
      (effects (font (size 1 1) (thickness 0.15)))
    )
    (fp_text value 100nf (at 0 1.82 270) (layer F.Fab)
      (effects (font (size 1 1) (thickness 0.15)))
    )
    (fp_text user %R (at 0 0 270) (layer F.Fab)
      (effects (font (size 0.8 0.8) (thickness 0.12)))
    )
    (fp_line (start 2.28 1.12) (end -2.28 1.12) (layer F.CrtYd) (width 0.05))
    (fp_line (start 2.28 -1.12) (end 2.28 1.12) (layer F.CrtYd) (width 0.05))
    (fp_line (start -2.28 -1.12) (end 2.28 -1.12) (layer F.CrtYd) (width 0.05))
    (fp_line (start -2.28 1.12) (end -2.28 -1.12) (layer F.CrtYd) (width 0.05))
    (fp_line (start -0.602064 0.91) (end 0.602064 0.91) (layer F.SilkS) (width 0.12))
    (fp_line (start -0.602064 -0.91) (end 0.602064 -0.91) (layer F.SilkS) (width 0.12))
    (fp_line (start 1.6 0.8) (end -1.6 0.8) (layer F.Fab) (width 0.1))
    (fp_line (start 1.6 -0.8) (end 1.6 0.8) (layer F.Fab) (width 0.1))
    (fp_line (start -1.6 -0.8) (end 1.6 -0.8) (layer F.Fab) (width 0.1))
    (fp_line (start -1.6 0.8) (end -1.6 -0.8) (layer F.Fab) (width 0.1))
    (pad 2 smd roundrect (at 1.4 0 270) (size 1.25 1.75) (layers F.Cu F.Paste F.Mask) (roundrect_rratio 0.2)
      (net 4 GND))
    (pad 1 smd roundrect (at -1.4 0 270) (size 1.25 1.75) (layers F.Cu F.Paste F.Mask) (roundrect_rratio 0.2)
      (net 23 /Battery_Volts))
    (model ${KISYS3DMOD}/Capacitor_SMD.3dshapes/C_1206_3216Metric.wrl
      (at (xyz 0 0 0))
      (scale (xyz 1 1 1))
      (rotate (xyz 0 0 0))
    )
  )

  (module Capacitor_SMD:C_1206_3216Metric (layer F.Cu) (tedit 5B301BBE) (tstamp 5F87FEF8)
    (at 144.5 69 90)
    (descr "Capacitor SMD 1206 (3216 Metric), square (rectangular) end terminal, IPC_7351 nominal, (Body size source: http://www.tortai-tech.com/upload/download/2011102023233369053.pdf), generated with kicad-footprint-generator")
    (tags capacitor)
    (path /5F57FADD)
    (attr smd)
    (fp_text reference C3 (at 3 0 180) (layer F.SilkS)
      (effects (font (size 1 1) (thickness 0.15)))
    )
    (fp_text value 100nf (at 0 1.82 90) (layer F.Fab)
      (effects (font (size 1 1) (thickness 0.15)))
    )
    (fp_text user %R (at 0 0 90) (layer F.Fab)
      (effects (font (size 0.8 0.8) (thickness 0.12)))
    )
    (fp_line (start 2.28 1.12) (end -2.28 1.12) (layer F.CrtYd) (width 0.05))
    (fp_line (start 2.28 -1.12) (end 2.28 1.12) (layer F.CrtYd) (width 0.05))
    (fp_line (start -2.28 -1.12) (end 2.28 -1.12) (layer F.CrtYd) (width 0.05))
    (fp_line (start -2.28 1.12) (end -2.28 -1.12) (layer F.CrtYd) (width 0.05))
    (fp_line (start -0.602064 0.91) (end 0.602064 0.91) (layer F.SilkS) (width 0.12))
    (fp_line (start -0.602064 -0.91) (end 0.602064 -0.91) (layer F.SilkS) (width 0.12))
    (fp_line (start 1.6 0.8) (end -1.6 0.8) (layer F.Fab) (width 0.1))
    (fp_line (start 1.6 -0.8) (end 1.6 0.8) (layer F.Fab) (width 0.1))
    (fp_line (start -1.6 -0.8) (end 1.6 -0.8) (layer F.Fab) (width 0.1))
    (fp_line (start -1.6 0.8) (end -1.6 -0.8) (layer F.Fab) (width 0.1))
    (pad 2 smd roundrect (at 1.4 0 90) (size 1.25 1.75) (layers F.Cu F.Paste F.Mask) (roundrect_rratio 0.2)
      (net 4 GND))
    (pad 1 smd roundrect (at -1.4 0 90) (size 1.25 1.75) (layers F.Cu F.Paste F.Mask) (roundrect_rratio 0.2)
      (net 24 /Mains_Sensor))
    (model ${KISYS3DMOD}/Capacitor_SMD.3dshapes/C_1206_3216Metric.wrl
      (at (xyz 0 0 0))
      (scale (xyz 1 1 1))
      (rotate (xyz 0 0 0))
    )
  )

  (module Capacitor_SMD:C_1206_3216Metric (layer F.Cu) (tedit 5B301BBE) (tstamp 5F7B719C)
    (at 110.5 77.5)
    (descr "Capacitor SMD 1206 (3216 Metric), square (rectangular) end terminal, IPC_7351 nominal, (Body size source: http://www.tortai-tech.com/upload/download/2011102023233369053.pdf), generated with kicad-footprint-generator")
    (tags capacitor)
    (path /5F4E6968)
    (attr smd)
    (fp_text reference C4 (at 3.5 0) (layer F.SilkS)
      (effects (font (size 1 1) (thickness 0.15)))
    )
    (fp_text value 100nf (at 0 1.82) (layer F.Fab)
      (effects (font (size 1 1) (thickness 0.15)))
    )
    (fp_line (start -1.6 0.8) (end -1.6 -0.8) (layer F.Fab) (width 0.1))
    (fp_line (start -1.6 -0.8) (end 1.6 -0.8) (layer F.Fab) (width 0.1))
    (fp_line (start 1.6 -0.8) (end 1.6 0.8) (layer F.Fab) (width 0.1))
    (fp_line (start 1.6 0.8) (end -1.6 0.8) (layer F.Fab) (width 0.1))
    (fp_line (start -0.602064 -0.91) (end 0.602064 -0.91) (layer F.SilkS) (width 0.12))
    (fp_line (start -0.602064 0.91) (end 0.602064 0.91) (layer F.SilkS) (width 0.12))
    (fp_line (start -2.28 1.12) (end -2.28 -1.12) (layer F.CrtYd) (width 0.05))
    (fp_line (start -2.28 -1.12) (end 2.28 -1.12) (layer F.CrtYd) (width 0.05))
    (fp_line (start 2.28 -1.12) (end 2.28 1.12) (layer F.CrtYd) (width 0.05))
    (fp_line (start 2.28 1.12) (end -2.28 1.12) (layer F.CrtYd) (width 0.05))
    (fp_text user %R (at 0 0) (layer F.Fab)
      (effects (font (size 0.8 0.8) (thickness 0.12)))
    )
    (pad 1 smd roundrect (at -1.4 0) (size 1.25 1.75) (layers F.Cu F.Paste F.Mask) (roundrect_rratio 0.2)
      (net 27 "Net-(C1-Pad1)"))
    (pad 2 smd roundrect (at 1.4 0) (size 1.25 1.75) (layers F.Cu F.Paste F.Mask) (roundrect_rratio 0.2)
      (net 4 GND))
    (model ${KISYS3DMOD}/Capacitor_SMD.3dshapes/C_1206_3216Metric.wrl
      (at (xyz 0 0 0))
      (scale (xyz 1 1 1))
      (rotate (xyz 0 0 0))
    )
  )

  (module Capacitor_SMD:C_1206_3216Metric (layer F.Cu) (tedit 5B301BBE) (tstamp 5F7B71AD)
    (at 99.5 91.5 270)
    (descr "Capacitor SMD 1206 (3216 Metric), square (rectangular) end terminal, IPC_7351 nominal, (Body size source: http://www.tortai-tech.com/upload/download/2011102023233369053.pdf), generated with kicad-footprint-generator")
    (tags capacitor)
    (path /5F50D2F0)
    (attr smd)
    (fp_text reference C5 (at 0 2.5) (layer F.SilkS)
      (effects (font (size 1 1) (thickness 0.15)))
    )
    (fp_text value 1uf (at 0 1.82 270) (layer F.Fab)
      (effects (font (size 1 1) (thickness 0.15)))
    )
    (fp_line (start -1.6 0.8) (end -1.6 -0.8) (layer F.Fab) (width 0.1))
    (fp_line (start -1.6 -0.8) (end 1.6 -0.8) (layer F.Fab) (width 0.1))
    (fp_line (start 1.6 -0.8) (end 1.6 0.8) (layer F.Fab) (width 0.1))
    (fp_line (start 1.6 0.8) (end -1.6 0.8) (layer F.Fab) (width 0.1))
    (fp_line (start -0.602064 -0.91) (end 0.602064 -0.91) (layer F.SilkS) (width 0.12))
    (fp_line (start -0.602064 0.91) (end 0.602064 0.91) (layer F.SilkS) (width 0.12))
    (fp_line (start -2.28 1.12) (end -2.28 -1.12) (layer F.CrtYd) (width 0.05))
    (fp_line (start -2.28 -1.12) (end 2.28 -1.12) (layer F.CrtYd) (width 0.05))
    (fp_line (start 2.28 -1.12) (end 2.28 1.12) (layer F.CrtYd) (width 0.05))
    (fp_line (start 2.28 1.12) (end -2.28 1.12) (layer F.CrtYd) (width 0.05))
    (fp_text user %R (at 0 0 270) (layer F.Fab)
      (effects (font (size 0.8 0.8) (thickness 0.12)))
    )
    (pad 1 smd roundrect (at -1.4 0 270) (size 1.25 1.75) (layers F.Cu F.Paste F.Mask) (roundrect_rratio 0.2)
      (net 27 "Net-(C1-Pad1)"))
    (pad 2 smd roundrect (at 1.4 0 270) (size 1.25 1.75) (layers F.Cu F.Paste F.Mask) (roundrect_rratio 0.2)
      (net 4 GND))
    (model ${KISYS3DMOD}/Capacitor_SMD.3dshapes/C_1206_3216Metric.wrl
      (at (xyz 0 0 0))
      (scale (xyz 1 1 1))
      (rotate (xyz 0 0 0))
    )
  )

  (module Capacitor_SMD:C_1206_3216Metric (layer F.Cu) (tedit 5B301BBE) (tstamp 5F7B71BE)
    (at 113 91.5 270)
    (descr "Capacitor SMD 1206 (3216 Metric), square (rectangular) end terminal, IPC_7351 nominal, (Body size source: http://www.tortai-tech.com/upload/download/2011102023233369053.pdf), generated with kicad-footprint-generator")
    (tags capacitor)
    (path /5F50D33E)
    (attr smd)
    (fp_text reference C6 (at 0 2.5) (layer F.SilkS)
      (effects (font (size 1 1) (thickness 0.15)))
    )
    (fp_text value 1uf (at 0 1.82 270) (layer F.Fab)
      (effects (font (size 1 1) (thickness 0.15)))
    )
    (fp_text user %R (at 0 0 270) (layer F.Fab)
      (effects (font (size 0.8 0.8) (thickness 0.12)))
    )
    (fp_line (start 2.28 1.12) (end -2.28 1.12) (layer F.CrtYd) (width 0.05))
    (fp_line (start 2.28 -1.12) (end 2.28 1.12) (layer F.CrtYd) (width 0.05))
    (fp_line (start -2.28 -1.12) (end 2.28 -1.12) (layer F.CrtYd) (width 0.05))
    (fp_line (start -2.28 1.12) (end -2.28 -1.12) (layer F.CrtYd) (width 0.05))
    (fp_line (start -0.602064 0.91) (end 0.602064 0.91) (layer F.SilkS) (width 0.12))
    (fp_line (start -0.602064 -0.91) (end 0.602064 -0.91) (layer F.SilkS) (width 0.12))
    (fp_line (start 1.6 0.8) (end -1.6 0.8) (layer F.Fab) (width 0.1))
    (fp_line (start 1.6 -0.8) (end 1.6 0.8) (layer F.Fab) (width 0.1))
    (fp_line (start -1.6 -0.8) (end 1.6 -0.8) (layer F.Fab) (width 0.1))
    (fp_line (start -1.6 0.8) (end -1.6 -0.8) (layer F.Fab) (width 0.1))
    (pad 2 smd roundrect (at 1.4 0 270) (size 1.25 1.75) (layers F.Cu F.Paste F.Mask) (roundrect_rratio 0.2)
      (net 4 GND))
    (pad 1 smd roundrect (at -1.4 0 270) (size 1.25 1.75) (layers F.Cu F.Paste F.Mask) (roundrect_rratio 0.2)
      (net 27 "Net-(C1-Pad1)"))
    (model ${KISYS3DMOD}/Capacitor_SMD.3dshapes/C_1206_3216Metric.wrl
      (at (xyz 0 0 0))
      (scale (xyz 1 1 1))
      (rotate (xyz 0 0 0))
    )
  )

  (module Capacitor_SMD:C_1206_3216Metric (layer F.Cu) (tedit 5B301BBE) (tstamp 5F7B71CF)
    (at 99.5 97.5 90)
    (descr "Capacitor SMD 1206 (3216 Metric), square (rectangular) end terminal, IPC_7351 nominal, (Body size source: http://www.tortai-tech.com/upload/download/2011102023233369053.pdf), generated with kicad-footprint-generator")
    (tags capacitor)
    (path /5F50D398)
    (attr smd)
    (fp_text reference C7 (at 0 -2.5 180) (layer F.SilkS)
      (effects (font (size 1 1) (thickness 0.15)))
    )
    (fp_text value C (at 0 1.82 90) (layer F.Fab)
      (effects (font (size 1 1) (thickness 0.15)))
    )
    (fp_line (start -1.6 0.8) (end -1.6 -0.8) (layer F.Fab) (width 0.1))
    (fp_line (start -1.6 -0.8) (end 1.6 -0.8) (layer F.Fab) (width 0.1))
    (fp_line (start 1.6 -0.8) (end 1.6 0.8) (layer F.Fab) (width 0.1))
    (fp_line (start 1.6 0.8) (end -1.6 0.8) (layer F.Fab) (width 0.1))
    (fp_line (start -0.602064 -0.91) (end 0.602064 -0.91) (layer F.SilkS) (width 0.12))
    (fp_line (start -0.602064 0.91) (end 0.602064 0.91) (layer F.SilkS) (width 0.12))
    (fp_line (start -2.28 1.12) (end -2.28 -1.12) (layer F.CrtYd) (width 0.05))
    (fp_line (start -2.28 -1.12) (end 2.28 -1.12) (layer F.CrtYd) (width 0.05))
    (fp_line (start 2.28 -1.12) (end 2.28 1.12) (layer F.CrtYd) (width 0.05))
    (fp_line (start 2.28 1.12) (end -2.28 1.12) (layer F.CrtYd) (width 0.05))
    (fp_text user %R (at 0 0 90) (layer F.Fab)
      (effects (font (size 0.8 0.8) (thickness 0.12)))
    )
    (pad 1 smd roundrect (at -1.4 0 90) (size 1.25 1.75) (layers F.Cu F.Paste F.Mask) (roundrect_rratio 0.2)
      (net 28 "Net-(C7-Pad1)"))
    (pad 2 smd roundrect (at 1.4 0 90) (size 1.25 1.75) (layers F.Cu F.Paste F.Mask) (roundrect_rratio 0.2)
      (net 4 GND))
    (model ${KISYS3DMOD}/Capacitor_SMD.3dshapes/C_1206_3216Metric.wrl
      (at (xyz 0 0 0))
      (scale (xyz 1 1 1))
      (rotate (xyz 0 0 0))
    )
  )

  (module Capacitor_SMD:C_1206_3216Metric (layer F.Cu) (tedit 5B301BBE) (tstamp 5F7B71E0)
    (at 113 97.5 90)
    (descr "Capacitor SMD 1206 (3216 Metric), square (rectangular) end terminal, IPC_7351 nominal, (Body size source: http://www.tortai-tech.com/upload/download/2011102023233369053.pdf), generated with kicad-footprint-generator")
    (tags capacitor)
    (path /5F50D3F8)
    (attr smd)
    (fp_text reference C8 (at 0 -2.5 180) (layer F.SilkS)
      (effects (font (size 1 1) (thickness 0.15)))
    )
    (fp_text value C (at 0 1.82 90) (layer F.Fab)
      (effects (font (size 1 1) (thickness 0.15)))
    )
    (fp_line (start -1.6 0.8) (end -1.6 -0.8) (layer F.Fab) (width 0.1))
    (fp_line (start -1.6 -0.8) (end 1.6 -0.8) (layer F.Fab) (width 0.1))
    (fp_line (start 1.6 -0.8) (end 1.6 0.8) (layer F.Fab) (width 0.1))
    (fp_line (start 1.6 0.8) (end -1.6 0.8) (layer F.Fab) (width 0.1))
    (fp_line (start -0.602064 -0.91) (end 0.602064 -0.91) (layer F.SilkS) (width 0.12))
    (fp_line (start -0.602064 0.91) (end 0.602064 0.91) (layer F.SilkS) (width 0.12))
    (fp_line (start -2.28 1.12) (end -2.28 -1.12) (layer F.CrtYd) (width 0.05))
    (fp_line (start -2.28 -1.12) (end 2.28 -1.12) (layer F.CrtYd) (width 0.05))
    (fp_line (start 2.28 -1.12) (end 2.28 1.12) (layer F.CrtYd) (width 0.05))
    (fp_line (start 2.28 1.12) (end -2.28 1.12) (layer F.CrtYd) (width 0.05))
    (fp_text user %R (at 0 0 90) (layer F.Fab)
      (effects (font (size 0.8 0.8) (thickness 0.12)))
    )
    (pad 1 smd roundrect (at -1.4 0 90) (size 1.25 1.75) (layers F.Cu F.Paste F.Mask) (roundrect_rratio 0.2)
      (net 1 +5V))
    (pad 2 smd roundrect (at 1.4 0 90) (size 1.25 1.75) (layers F.Cu F.Paste F.Mask) (roundrect_rratio 0.2)
      (net 4 GND))
    (model ${KISYS3DMOD}/Capacitor_SMD.3dshapes/C_1206_3216Metric.wrl
      (at (xyz 0 0 0))
      (scale (xyz 1 1 1))
      (rotate (xyz 0 0 0))
    )
  )

  (module Capacitor_SMD:C_1206_3216Metric (layer F.Cu) (tedit 5B301BBE) (tstamp 5F7B71F1)
    (at 166 98.5)
    (descr "Capacitor SMD 1206 (3216 Metric), square (rectangular) end terminal, IPC_7351 nominal, (Body size source: http://www.tortai-tech.com/upload/download/2011102023233369053.pdf), generated with kicad-footprint-generator")
    (tags capacitor)
    (path /5F4DB8D1)
    (attr smd)
    (fp_text reference C9 (at 1.5 -1.82) (layer F.SilkS)
      (effects (font (size 1 1) (thickness 0.15)))
    )
    (fp_text value 1uf (at 0 1.82) (layer F.Fab)
      (effects (font (size 1 1) (thickness 0.15)))
    )
    (fp_text user %R (at 0 0) (layer F.Fab)
      (effects (font (size 0.8 0.8) (thickness 0.12)))
    )
    (fp_line (start 2.28 1.12) (end -2.28 1.12) (layer F.CrtYd) (width 0.05))
    (fp_line (start 2.28 -1.12) (end 2.28 1.12) (layer F.CrtYd) (width 0.05))
    (fp_line (start -2.28 -1.12) (end 2.28 -1.12) (layer F.CrtYd) (width 0.05))
    (fp_line (start -2.28 1.12) (end -2.28 -1.12) (layer F.CrtYd) (width 0.05))
    (fp_line (start -0.602064 0.91) (end 0.602064 0.91) (layer F.SilkS) (width 0.12))
    (fp_line (start -0.602064 -0.91) (end 0.602064 -0.91) (layer F.SilkS) (width 0.12))
    (fp_line (start 1.6 0.8) (end -1.6 0.8) (layer F.Fab) (width 0.1))
    (fp_line (start 1.6 -0.8) (end 1.6 0.8) (layer F.Fab) (width 0.1))
    (fp_line (start -1.6 -0.8) (end 1.6 -0.8) (layer F.Fab) (width 0.1))
    (fp_line (start -1.6 0.8) (end -1.6 -0.8) (layer F.Fab) (width 0.1))
    (pad 2 smd roundrect (at 1.4 0) (size 1.25 1.75) (layers F.Cu F.Paste F.Mask) (roundrect_rratio 0.2)
      (net 25 "Net-(A1-Pad2)"))
    (pad 1 smd roundrect (at -1.4 0) (size 1.25 1.75) (layers F.Cu F.Paste F.Mask) (roundrect_rratio 0.2)
      (net 29 "Net-(C9-Pad1)"))
    (model ${KISYS3DMOD}/Capacitor_SMD.3dshapes/C_1206_3216Metric.wrl
      (at (xyz 0 0 0))
      (scale (xyz 1 1 1))
      (rotate (xyz 0 0 0))
    )
  )

  (module Diode_SMD:D_SMA (layer F.Cu) (tedit 586432E5) (tstamp 5F7B7209)
    (at 103 79.5 90)
    (descr "Diode SMA (DO-214AC)")
    (tags "Diode SMA (DO-214AC)")
    (path /5F48BEF5)
    (attr smd)
    (fp_text reference D1 (at 0 -3 180) (layer F.SilkS)
      (effects (font (size 1 1) (thickness 0.15)))
    )
    (fp_text value SMA (at 0 2.6 90) (layer F.Fab)
      (effects (font (size 1 1) (thickness 0.15)))
    )
    (fp_text user %R (at 0 -2.5 90) (layer F.Fab)
      (effects (font (size 1 1) (thickness 0.15)))
    )
    (fp_line (start -3.4 -1.65) (end -3.4 1.65) (layer F.SilkS) (width 0.12))
    (fp_line (start 2.3 1.5) (end -2.3 1.5) (layer F.Fab) (width 0.1))
    (fp_line (start -2.3 1.5) (end -2.3 -1.5) (layer F.Fab) (width 0.1))
    (fp_line (start 2.3 -1.5) (end 2.3 1.5) (layer F.Fab) (width 0.1))
    (fp_line (start 2.3 -1.5) (end -2.3 -1.5) (layer F.Fab) (width 0.1))
    (fp_line (start -3.5 -1.75) (end 3.5 -1.75) (layer F.CrtYd) (width 0.05))
    (fp_line (start 3.5 -1.75) (end 3.5 1.75) (layer F.CrtYd) (width 0.05))
    (fp_line (start 3.5 1.75) (end -3.5 1.75) (layer F.CrtYd) (width 0.05))
    (fp_line (start -3.5 1.75) (end -3.5 -1.75) (layer F.CrtYd) (width 0.05))
    (fp_line (start -0.64944 0.00102) (end -1.55114 0.00102) (layer F.Fab) (width 0.1))
    (fp_line (start 0.50118 0.00102) (end 1.4994 0.00102) (layer F.Fab) (width 0.1))
    (fp_line (start -0.64944 -0.79908) (end -0.64944 0.80112) (layer F.Fab) (width 0.1))
    (fp_line (start 0.50118 0.75032) (end 0.50118 -0.79908) (layer F.Fab) (width 0.1))
    (fp_line (start -0.64944 0.00102) (end 0.50118 0.75032) (layer F.Fab) (width 0.1))
    (fp_line (start -0.64944 0.00102) (end 0.50118 -0.79908) (layer F.Fab) (width 0.1))
    (fp_line (start -3.4 1.65) (end 2 1.65) (layer F.SilkS) (width 0.12))
    (fp_line (start -3.4 -1.65) (end 2 -1.65) (layer F.SilkS) (width 0.12))
    (pad 1 smd rect (at -2 0 90) (size 2.5 1.8) (layers F.Cu F.Paste F.Mask)
      (net 27 "Net-(C1-Pad1)"))
    (pad 2 smd rect (at 2 0 90) (size 2.5 1.8) (layers F.Cu F.Paste F.Mask)
      (net 30 "Net-(D1-Pad2)"))
    (model ${KISYS3DMOD}/Diode_SMD.3dshapes/D_SMA.wrl
      (at (xyz 0 0 0))
      (scale (xyz 1 1 1))
      (rotate (xyz 0 0 0))
    )
  )

  (module Package_TO_SOT_SMD:SOT-23 (layer F.Cu) (tedit 5A02FF57) (tstamp 5F7B721E)
    (at 142.5 102.1 270)
    (descr "SOT-23, Standard")
    (tags SOT-23)
    (path /5F550E0F)
    (attr smd)
    (fp_text reference D2 (at 0 -3) (layer F.SilkS)
      (effects (font (size 1 1) (thickness 0.15)))
    )
    (fp_text value BAT54S (at 0 2.5 270) (layer F.Fab)
      (effects (font (size 1 1) (thickness 0.15)))
    )
    (fp_text user %R (at 0 0) (layer F.Fab)
      (effects (font (size 0.5 0.5) (thickness 0.075)))
    )
    (fp_line (start -0.7 -0.95) (end -0.7 1.5) (layer F.Fab) (width 0.1))
    (fp_line (start -0.15 -1.52) (end 0.7 -1.52) (layer F.Fab) (width 0.1))
    (fp_line (start -0.7 -0.95) (end -0.15 -1.52) (layer F.Fab) (width 0.1))
    (fp_line (start 0.7 -1.52) (end 0.7 1.52) (layer F.Fab) (width 0.1))
    (fp_line (start -0.7 1.52) (end 0.7 1.52) (layer F.Fab) (width 0.1))
    (fp_line (start 0.76 1.58) (end 0.76 0.65) (layer F.SilkS) (width 0.12))
    (fp_line (start 0.76 -1.58) (end 0.76 -0.65) (layer F.SilkS) (width 0.12))
    (fp_line (start -1.7 -1.75) (end 1.7 -1.75) (layer F.CrtYd) (width 0.05))
    (fp_line (start 1.7 -1.75) (end 1.7 1.75) (layer F.CrtYd) (width 0.05))
    (fp_line (start 1.7 1.75) (end -1.7 1.75) (layer F.CrtYd) (width 0.05))
    (fp_line (start -1.7 1.75) (end -1.7 -1.75) (layer F.CrtYd) (width 0.05))
    (fp_line (start 0.76 -1.58) (end -1.4 -1.58) (layer F.SilkS) (width 0.12))
    (fp_line (start 0.76 1.58) (end -0.7 1.58) (layer F.SilkS) (width 0.12))
    (pad 1 smd rect (at -1 -0.95 270) (size 0.9 0.8) (layers F.Cu F.Paste F.Mask)
      (net 4 GND))
    (pad 2 smd rect (at -1 0.95 270) (size 0.9 0.8) (layers F.Cu F.Paste F.Mask)
      (net 3 +3V3))
    (pad 3 smd rect (at 1 0 270) (size 0.9 0.8) (layers F.Cu F.Paste F.Mask)
      (net 23 /Battery_Volts))
    (model ${KISYS3DMOD}/Package_TO_SOT_SMD.3dshapes/SOT-23.wrl
      (at (xyz 0 0 0))
      (scale (xyz 1 1 1))
      (rotate (xyz 0 0 0))
    )
  )

  (module Package_TO_SOT_SMD:SOT-23 (layer F.Cu) (tedit 5A02FF57) (tstamp 5F87FEC0)
    (at 142.5 73.5 90)
    (descr "SOT-23, Standard")
    (tags SOT-23)
    (path /5F57FAF2)
    (attr smd)
    (fp_text reference D3 (at 0 3 180) (layer F.SilkS)
      (effects (font (size 1 1) (thickness 0.15)))
    )
    (fp_text value BAT54S (at 0 2.5 90) (layer F.Fab)
      (effects (font (size 1 1) (thickness 0.15)))
    )
    (fp_line (start 0.76 1.58) (end -0.7 1.58) (layer F.SilkS) (width 0.12))
    (fp_line (start 0.76 -1.58) (end -1.4 -1.58) (layer F.SilkS) (width 0.12))
    (fp_line (start -1.7 1.75) (end -1.7 -1.75) (layer F.CrtYd) (width 0.05))
    (fp_line (start 1.7 1.75) (end -1.7 1.75) (layer F.CrtYd) (width 0.05))
    (fp_line (start 1.7 -1.75) (end 1.7 1.75) (layer F.CrtYd) (width 0.05))
